


10.349
1.8646
8.0374
4.0555
3.8251
10.8368
19.6439
8.4334
4.2389
17.0234
42.5527
0.3587
5.0217
6.2786
13.1896
3.1922
0.3986
11.5207
0.4837
1.3936
3.9787
2.2771
2.1393
19.5201
6.1754
0.0898
0.2376
0.0388
0.2764
0.3966
16.1544
0.6769
8.7375
0.0623
0.0282
3.7679
5.8227
1.607
0.1988
1.5741
0.0385
12.7204
1.5316
0.3164
4.739
2.6624
8.7183
9.3346
9.01
2.4342
1.9434
2.0441
1.8905
2.4032
0.9836
7.2658
0.1373
13.5117
0.0808
14.578
15.2359
2.563
9.9329
6.2978
5.8542
3.7224
3.031
0.2455
1.1417
9.2987
0.3391
151.9837
9.348
10.6101
2.8036
5.0232
9.596
0.8587
0.1323
0.301
2.0192
0.2112
1.0232
12.3687
4.9998
11.1187
1.3753
1.727
6.9583
3.7456
8.7936
9.6857
7.0132
4.2598
8.64
3.1537
11.9565
0.2928
0.445
3.5098
10.8874
31.077
1.042
0.1984
3.899
3.7036
0.1325
0.197
8.7025
4.4752
21.5132
4.3302
3.5704
0.1541
0.0853
5.378
2.3186
0.055
7.6421
6.1192
0.9275
3.5393
3.9889
1.6296
2.4291
2.8878
28.8542
1.1642
0.1077
1.935
22.015
0.12
14.8903
44.7612
12.1842
9.2768
0.7419
0.0875
0.5239
2.5921
8.4927
16.8044
0.7734
0.7827
4.535
0.8173
0.6309
1.2057
0.7353
7.4263
5.281
8.384
76.3764
3.685
3.635
11.1157
0.0674
1.9714
6.1336
2.6882
17.8201
2.5442
0.7722
0.873
17.3023
0.5157
5.4499
12.4568
0.2601
33.5696
6.5442
8.6661
0.5255
0.0913
9.1987
7.1251
0.5934
0.3024
4.2192
1.0348
5.5805
5.9969
2.6714
12.1502
0.8406
0.1633
3.8245
0.3381
0.4524
1.2824
38.6048
2.1858
3.2948
11.5969
3.3896
1.2056
0.0589
5.5245
40.3006
8.3514
17.6691
2.0567
4.1723
0.6705
5.9294
1.1102
113.7142
6.0363
0.6609
1.1279
0.2047
0.9321
